1,2,4,8,16,32,64
2218464,1133265,568076,283839,141977,71148,38382
2243523,1134834,566531,283767,141916,71102,39281
2280538,1134680,568403,283925,142003,71170,41297
2220070,1135431,566617,283918,141926,71100,39305
2245276,1135035,568434,283750,141992,71236,40112
2246960,1135540,568295,283581,141985,71099,38662
2244280,1112366,565879,284115,141952,71120,38662
2235892,1135603,566248,283880,141949,71102,38558
2281928,1136386,568039,283811,141919,71161,38782
2238995,1133445,566088,284008,141977,71133,53821
2245303,1133970,567947,283879,141875,71091,38929
2247771,1118980,565842,284050,141944,71112,38497
2233694,1135335,556950,283620,141989,71122,38592
2229290,1135729,566354,284112,142006,71121,38751
2236918,1117347,555065,284039,142013,72415,38415
