1,2,4,8,16,32,64
457725,566709,386820,257902,249639,120524,65554
455544,562503,385404,257963,249194,117696,65628
454305,564142,388983,226926,248958,119652,65932
455817,564846,392062,227958,248449,117958,65396
456212,565262,387766,257548,248778,120175,65256
456209,562614,389390,259650,252844,118186,66164
456768,566647,377296,259267,248801,120212,65943
456052,566999,387228,226991,253041,118431,66042
455786,560478,384275,228484,249022,119755,65331
455874,568400,386924,257927,253496,117963,65628
456000,561237,389507,260961,249395,120040,65505
456208,565112,387505,227647,252864,119198,65202
456254,560057,389707,228412,249474,120297,65649
455862,566838,386658,227086,252670,118771,64862
455410,559636,388124,228862,234835,120177,65378
