1,2,4,8,16,32,64
54543,27463,13786,6908,3564,2297,2862
54568,27217,13698,6892,3552,2486,2689
54680,27373,13695,7189,3545,2299,2576
54508,27196,13709,7115,3640,2453,2528
54406,27185,13663,7717,3552,3072,2590
54653,27367,13676,6930,3706,2311,2442
54578,27228,13950,6914,4617,2987,2409
54628,27432,13842,7018,3680,3010,2754
54446,27411,14258,7561,3583,2339,2467
54623,27227,13677,6905,3697,2509,2396
54727,27415,13678,6906,3644,2898,2473
54544,27407,13686,6883,3561,2345,2502
54643,27419,13704,7138,3757,2386,2535
54539,27380,13639,6943,3694,2470,2519
54700,27372,13679,7067,3624,2444,2593
