1,2,4,8,16,32,64
280434,141844,70978,35526,17885,8926,4549
286783,141907,70985,35544,17791,8913,4561
286599,139291,70953,35504,17793,8938,4573
280872,142047,70944,35528,17790,11795,4587
281029,141856,70043,35543,17838,8935,4613
281040,141731,70979,35539,17821,8924,4576
280368,141643,71010,35698,17800,8922,4548
286224,141657,70945,35564,17813,9010,4574
280377,141764,70977,35710,17787,8915,4552
286994,141882,70928,35554,17825,8916,4564
281179,138791,70970,35536,17800,8913,4559
281613,138864,70961,35515,17823,8917,4540
287183,141944,70919,35696,17804,16345,4641
286750,141707,70962,35525,17842,8910,4542
280779,142015,70990,35533,17825,8947,4612
