1,2,4,8,16,32,64
55041011,27732837,13907488,7014030,3529417,2037125,1953087
55095357,27819435,13930239,7009515,3529568,2040153,1953802
55203646,27774278,13902870,7008993,3526194,2032834,1954351
55303898,27776439,13950472,7005506,3523386,2033438,1954913
55298237,27755928,13918234,7016287,3527524,2035433,1954824
55281514,27777276,13910687,7021470,3520546,2027808,1954719
55252423,27779443,13881665,7022203,3528748,2030215,1955041
55276622,27813155,13904035,7013905,3529972,2041415,1953606
55292310,27891285,13952150,7008618,3526774,2032238,1953534
55278667,27739400,13901665,6988866,3529021,2035177,1955772
55284186,27813044,13952607,7014942,3529106,2031627,1952706
55293298,27739740,13918786,7011914,3529812,2033518,1954306
55263806,27898841,13901642,7010913,3522184,2034307,1953581
55292023,27813143,13941757,7021743,3528922,2036187,1952559
55296434,27709820,13888232,7017336,3529049,2040098,1958302
