1,2,4,8,16,32,64
55555025,27666441,13814751,6944322,3496306,1993092,1952294
55554492,27766422,13764259,6947819,3493004,1990275,1952370
55468361,27714348,13811540,6949126,3495428,1994471,1957266
55551917,27678139,13814847,6949797,3496914,1990113,1951924
55666454,27780939,13808528,6951548,3493884,1995994,1952049
55691145,27628906,13788085,6939330,3494175,1994508,1952661
55665540,27807431,13801453,6955578,3496991,1997573,1952630
55663090,27591600,13833703,6948073,3517955,1994694,1952730
55647673,27572187,13778439,6940933,3492396,1990507,1952339
55671410,27567908,13789152,6948816,3499173,1990443,1952472
55649001,27597174,13784244,6951125,3493293,1989691,1951637
55650981,27673559,13784884,6956036,3494891,1990077,1951627
55660333,27698628,13773796,6951010,3495416,1995635,1952177
55656371,27660746,13782349,6956805,3496588,2000515,1952315
55661721,27635194,13811758,6953134,3493468,1990959,1952609
