1,2,4,8,16,32,64
29312,14826,7428,3778,1961,983,486
29354,14770,7473,3775,1933,982,485
29261,14762,7435,3769,1933,1554,485
29248,14789,7439,3760,1932,986,494
29280,14783,7427,3765,1940,984,485
29270,14850,7446,3760,1948,983,484
29235,14776,7447,3746,1929,985,492
29262,14824,7458,3757,1943,982,485
29285,14775,7432,3752,1945,979,490
29277,14836,7425,3772,1946,998,484
29393,14853,7463,3775,1940,982,483
29362,14855,7432,3752,1923,982,492
29241,14782,7433,3771,1967,986,484
29367,14823,7442,3796,1941,984,488
29247,14820,7472,3765,1959,985,488
