1,2,4,8,16,32,64
34827,17984,9064,4561,2328,1180,586
35617,17950,8842,4647,2389,1180,591
35634,17973,9060,4560,2317,1179,607
34893,17977,9045,4556,2343,1178,579
35592,17978,9057,4570,2346,1197,587
35658,17968,9041,4703,2359,1186,578
35575,17991,9057,4572,2329,1195,607
34964,17809,9025,4580,2324,1179,604
34853,17637,9034,4542,2321,1189,575
35107,17571,9042,4559,2333,1183,595
35639,17953,9034,4556,2321,1182,710
35708,17940,9036,4547,2332,1175,579
35592,18177,9051,4564,2342,1188,587
35647,17930,9052,4566,2332,1184,607
35790,17939,9055,4554,2329,1207,576
