1,2,4,8,16,32,64
35850102,18301745,9146997,4583287,2285331,1159415,630303
36577552,18298342,9140396,4564663,2284275,1154779,628997
36570480,18285390,9058136,4566647,2283567,1248369,708522
35845944,18223497,9100866,4542611,2378031,1245796,793959
36568449,18154990,8912023,4547385,2284958,1153263,637981
36580181,17915277,9053048,4606278,2285141,1255762,798503
35853809,18131014,9049660,4546245,2285281,1152636,627867
36597739,18187771,9049873,4540163,2284649,1154794,630616
35887169,18286459,9048338,4541469,2284918,1152389,626698
36592171,18251020,9048170,4541661,2285131,1260375,773140
36437561,18290128,9052261,4544951,2284523,1152425,629222
36643021,17782004,9059805,4542013,2297455,1257228,795862
35887916,17854564,9052561,4542304,2283892,1152368,633448
35909248,18149278,9053781,4544001,2285542,1152251,640257
36622979,18127025,9060332,4541114,2285110,1152639,638124
