1,2,4,8,16,32,64
30087304,15025476,7478337,3743255,1881119,949174,541165
30093920,15030998,7451653,3751342,1886484,955180,542711
30084315,15027741,7479532,3750307,1882102,951260,542660
30098635,15027941,7450898,3751651,1880264,951392,540103
30070127,14978246,7475414,3738310,1881416,952718,540573
30093958,15034484,7484264,3739212,1880508,947760,542085
30087106,15035380,7472474,3738306,1884564,957320,541553
30097555,14974919,7464789,3753587,1888995,949000,541547
30084674,14984038,7482287,3740992,1880192,949912,542677
30092950,15034988,7483197,3740856,1881030,948817,542855
30095381,15042685,7465881,3749538,1881497,951217,542860
30087036,15028146,7483572,3739405,1881478,953681,541249
30090094,15030960,7487264,3740906,1880091,977251,542278
30089782,15035869,7481269,3742137,1881862,955261,541695
30079115,15020169,7454298,3757521,1885616,948823,541354
