1,2,4,8,16,32,64
904821,1134056,799880,531107,514497,256431,136625
920636,1128250,770558,529818,522551,251352,136479
905166,1127971,767873,470185,518410,255741,136650
905077,1136727,790024,535983,515120,255812,135964
905843,1130576,784352,524041,522327,251768,136257
905384,1136552,766062,469332,515956,255804,136744
905881,1132328,769132,526047,521224,251378,136122
906053,1126274,786371,469652,513562,255135,136171
906111,1130373,768218,466269,521934,250587,135981
905300,1125679,764947,471421,399222,258038,136837
906617,1228625,807439,528876,522864,251388,136671
906610,1228930,790924,489158,514256,255891,135554
906105,1229515,798403,479693,524257,251805,136047
906195,1223927,806292,485196,512485,255946,136235
906685,1226400,794072,478627,523070,252828,136896
