1,2,4,8,16,32,64
3756784,1872240,934174,466461,235122,118889,66735
3796494,1876409,933991,467134,234911,117979,68838
3759764,1877437,934615,466408,233987,118024,66704
3760998,1877368,935236,466327,233936,118018,66553
3761640,1878014,934369,466082,233720,122919,66679
3767171,1880604,936071,466211,234039,122563,66352
3764272,1874566,935594,467177,238002,117859,66643
3766496,1877980,935363,467039,235448,118086,66872
3769074,1880813,936910,465882,239023,122515,66510
3771559,1884266,934921,466430,237383,117935,66633
3769240,1874248,935741,467076,233827,117865,66547
3767271,1875344,935538,468155,233975,121062,66712
3767872,1882849,936080,466087,235301,121812,66605
3769581,1874640,935536,466042,234061,118140,66755
3765803,1878611,935676,466634,233952,117996,66538
