1,2,4,8,16,32,64
4558191,2248561,1136797,567086,284607,143279,79996
4504748,2275191,1131872,566951,284561,143226,78513
4576271,2274974,1133793,566863,285330,147611,79985
4505926,2269085,1134213,567121,284804,147919,79841
4490631,2268575,1136225,566644,284271,143864,79908
4508572,2272090,1137289,567039,284492,143244,79023
4509831,2277140,1136410,566789,284613,143372,78669
4453862,2229792,1115246,566776,284404,143403,78677
4505657,2244106,1132408,567622,284337,148584,78733
4508421,2229594,1136241,566896,284556,143258,80100
4462579,2275320,1140471,566982,284527,144758,78617
4500975,2225643,1135983,566986,284440,143256,79947
4461266,2254909,1136162,567063,284449,148966,79759
4480521,2276800,1138872,566213,284428,146270,78615
4506268,2276232,1136352,567693,285599,144836,79695
