1,2,4,8,16,32,64
878586,438004,216493,108335,53995,30694,30295
880308,437478,216601,108268,54030,30745,30220
878954,438049,216745,108350,54094,30791,30513
880493,438368,216458,108914,54045,30754,30536
881871,438287,216457,108292,53999,30859,30242
879647,438550,216977,108466,54059,30765,30968
880115,439485,216477,108351,54017,30714,30194
879804,439143,216614,109472,54050,30949,30724
880480,438595,216991,108458,54061,30788,30241
880659,438794,216962,108766,54056,31476,30262
880102,438524,217185,108421,54067,30705,30541
880230,438625,216472,108408,54027,30713,30414
880289,437763,216653,108460,54029,30769,30476
879734,437661,216657,108315,54016,31564,30383
880370,438095,216465,108585,54056,30641,30454
