1,2,4,8,16,32,64
471324,232622,116590,58557,29568,14677,7922
470764,233336,116533,58561,29323,15110,7709
471040,232726,116533,58583,29332,15805,7671
470087,233449,116492,58419,30155,15042,7782
471160,233402,116530,58456,29581,14678,7725
470886,232608,116462,58753,29346,15058,7708
470842,232615,116568,58641,29367,14668,7810
470540,232999,116571,58560,29325,14687,7792
472455,232698,116721,58695,29312,14687,7658
471246,233012,116524,58531,29229,14713,7951
471048,232950,116454,58725,29315,14686,7850
470642,232799,116511,58307,29359,14702,7696
471320,232520,116306,58617,29220,14689,7932
470366,233205,116923,58959,29260,14669,7762
471092,232705,116484,58817,29351,14684,7766
