1,2,4,8,16,32,64
108326,55388,27442,14358,7154,6072,2243
108065,54843,27423,14328,7038,5916,2263
108274,54796,27443,14262,7076,5874,2172
108126,54634,27397,14281,7244,6473,2350
108157,54655,27788,14469,7223,5757,2469
108163,54663,27910,14652,7089,6438,2297
108167,54777,27639,14017,8472,5930,2407
108224,54688,27357,14286,7183,6907,2340
108049,54850,27409,14281,7068,6219,2368
108146,54799,27773,14632,7190,6683,2364
108071,54788,27374,14312,7205,6082,2349
108170,54674,27412,14279,7076,6180,2077
108214,54870,27469,14293,7131,6075,2473
108112,54786,27918,14609,7182,6453,2171
108540,54793,27314,14273,7252,6277,2359
