1,2,4,8,16,32,64
108909,54466,27286,14163,7060,6054,6642
108746,54502,27232,14179,6998,5931,6714
108732,54513,27281,14171,6976,6109,6039
108679,54497,27300,14192,7089,5037,6011
108658,54529,27277,14144,7135,5237,6742
109020,54531,27251,14186,6958,5934,6655
109024,54405,27289,14177,6964,6242,6387
108794,54454,27288,14163,7004,6629,6323
108694,54439,27281,14137,6986,5316,6891
108795,54444,27270,14116,7111,5611,7510
108851,54307,27278,14179,6975,4974,6244
108609,54467,27269,14108,6949,5237,6091
108769,54498,27280,14157,6936,5317,6436
108699,54466,27324,14214,6973,5511,6014
108617,54507,27223,14157,6977,6179,5854
