1,2,4,8,16,32,64
13960,18658,13729,7732,7138,3654,2738
14074,17829,13562,7890,7234,3580,2693
13919,20513,12794,7644,7144,3654,2760
13932,17805,12342,7627,7211,3608,2461
14132,16266,13244,7170,7105,3674,2430
13935,18040,13687,8348,7260,3602,2548
14173,18332,12665,8211,7070,3646,2757
13943,18576,14274,7970,7247,3591,2595
13940,18098,13939,7710,7115,3647,2672
13959,22713,13847,7532,7238,3607,2572
13936,17839,13394,8309,7130,3662,2636
13967,17970,11801,7674,7219,3576,2716
14108,17826,13733,7541,7247,3645,2635
14112,18862,13487,7600,7231,3618,2679
14127,21951,14934,7410,7266,3660,2605
