1,2,4,8,16,32,64
70109,35985,17611,8978,4522,2285,1158
71683,35289,17955,9015,4535,2357,1148
70108,35969,17947,9040,4522,2511,1129
71755,35904,17977,9065,4553,2462,1139
70508,35846,17986,9021,4538,2281,1139
70429,35911,17958,9030,4559,2465,1126
71586,36000,17963,9029,4529,2282,1126
71724,35908,17994,9018,4546,2307,1141
71563,35991,18518,9395,4616,2488,1145
70408,35330,18378,9133,4539,2280,1242
71750,35980,17925,9026,4554,2309,1127
70211,35919,17908,8996,4539,2488,1136
71793,35966,17925,8988,4527,2473,1187
70172,35992,17965,8988,4527,2469,1129
71817,35946,17904,9041,4547,2279,1126
