1,2,4,8,16,32,64
13705,6995,3879,2838,1449,822,358
13683,6963,3585,1852,1050,697,382
13876,7287,3607,2078,1218,639,335
13683,7014,3537,2006,1107,718,399
13673,7127,3603,1843,1215,702,371
13680,7180,3642,2582,1483,809,342
13682,6973,3530,1834,1092,616,337
13872,7612,3602,1836,1437,790,313
13670,6985,3589,1862,1141,702,360
13897,7057,3889,1873,1069,591,314
13686,7063,3533,2134,1331,852,268
13859,7015,3830,1860,982,569,280
13673,6946,3510,1873,990,566,316
13866,7253,3595,1926,1431,765,397
13661,7048,3540,1862,1468,820,341
