1,2,4,8,16,32,64
60110977,30072655,14985171,7478607,3778441,1902145,1089359
60106622,29962394,14893881,7479182,3772340,1905636,1090259
60132223,30049073,14933031,7481856,3773730,1903594,1087165
60131102,30062001,14958493,7483047,3759911,1901947,1089361
60153679,30057774,14929547,7505017,3762800,1900829,1089020
60121876,29897621,14931263,7543625,3772752,1909525,1089707
60149421,29857425,14918442,7479673,3771506,1906760,1085713
60142319,29867676,14922828,7485359,3764776,1902005,1087618
60158886,30030443,15071578,7514919,3777315,1901682,1089005
60140099,30058542,14976137,7507234,3762144,1905230,1090546
60151134,30057591,14976193,7500218,3761045,1910556,1086821
60138543,30075151,14994174,7488261,3776071,1912060,1088499
60124004,30077705,14934494,7507274,3772574,1909649,1089856
60149072,30075299,14990706,7476442,3776580,1906861,1091246
60115187,30082373,14974909,7479746,3777215,1902910,1089518
