1,2,4,8,16,32,64
1767,2528,1674,1131,1072,549,332
1786,2644,1672,1126,1054,555,334
1764,2789,1692,1128,1069,548,347
1779,2626,1699,1126,1058,557,343
1905,2588,1667,1123,1071,552,347
1766,2517,1678,1096,1048,557,333
1783,2668,1685,1112,1067,546,356
1759,2708,1677,1133,1047,563,349
1770,2823,1718,1128,1072,562,342
1786,2406,1686,1154,1066,553,328
1756,2584,1668,1125,1072,567,352
1764,2669,1684,1093,1069,551,335
1758,2714,1693,1126,1071,569,353
1777,2718,1686,1142,1071,549,344
1764,2725,1700,1119,1075,568,344
