1,2,4,8,16,32,64
1747210,872637,439304,217352,108486,62519,61249
1749842,872312,435695,217149,108736,62424,61089
1751223,871905,434982,217271,108678,62880,61075
1749945,872708,434492,216768,108675,62373,61173
1749328,873396,436378,217212,108723,65308,61274
1746561,872599,434514,217279,108601,62567,60992
1748437,871925,436498,216806,109035,62776,61047
1747450,873270,435961,216905,108942,62791,61103
1745472,872435,435500,217050,108786,62473,60899
1749814,871819,437702,217036,108561,62624,60940
1746797,873171,437354,216749,112277,62777,61038
1749196,873116,436809,217219,108603,62728,61121
1749900,870282,436538,216927,108623,64569,61029
1748128,873588,436800,216752,108670,62831,61011
1747410,871931,435947,216405,108407,62880,61020
