1,2,4,8,16,32,64
226050,296708,200985,114499,118937,56646,34305
226506,293843,200653,124056,117320,57512,34527
226761,297054,200746,122146,118908,56774,34325
226217,296719,200038,124390,117177,57507,34518
226104,295831,201183,121893,119083,56433,34196
226314,296704,199980,124376,117407,57997,34712
226430,298083,201251,122694,118919,56627,34980
226207,296153,201109,115509,117532,57956,34220
226812,295887,200434,122475,118206,56886,33730
225946,295516,200460,124056,117064,58144,33827
226030,296885,200744,122520,116525,57895,34089
226217,297576,200840,124819,116588,57038,34016
226160,294785,200696,114807,116451,57726,34119
226112,295832,200411,124427,117524,57027,34696
226465,296487,201431,114417,116872,57865,33838
