1,2,4,8,16,32,64
221407,110719,54992,27483,13830,7745,7497
221496,110794,54992,27489,13848,7724,7688
221605,110543,54956,27477,13858,7976,7635
221002,110763,54983,27515,13898,7837,7585
221341,110703,54984,27527,13859,7921,7832
221523,110419,54969,27549,13884,7811,7529
220670,110866,55057,27518,13810,7886,8094
221239,110725,54961,27483,13913,7795,7903
221224,110255,54977,27476,13888,7935,7479
222059,110276,54943,27473,13850,7849,7625
221311,110735,55160,27475,13812,7980,7590
221645,110492,55114,27522,13820,7856,7837
221048,110263,54978,27500,13807,7843,7748
221083,110329,55061,27476,13808,7858,7693
221461,110314,55034,27541,13821,7752,7615
