1,2,4,8,16,32,64
27256,13883,6961,5598,3155,1348,714
27270,13706,6913,4925,2872,1929,734
27237,13817,6991,3651,2572,1148,753
27306,13769,6943,3526,1842,1227,772
27433,13839,7056,3652,2134,1338,666
27232,13755,7011,3740,1934,1695,656
27234,13727,6964,3763,3287,1587,669
27216,13800,7050,3562,2489,1602,714
27164,13923,6951,3530,2474,1222,618
27265,13739,6953,3705,2723,1375,661
27384,13821,6942,3534,2816,1631,700
27264,13737,6990,3772,2726,1344,853
27306,13793,7110,4883,2082,1350,704
27300,13749,7025,3538,2069,1314,737
27224,13719,7136,5393,2864,1701,742
