1,2,4,8,16,32,64
27246,13695,6978,3592,1821,1097,1070
27244,13690,6900,3567,1892,1130,1218
27495,13725,7053,3920,2177,1534,1150
27191,13808,6920,3776,2495,1115,1160
27237,13740,6927,3513,1847,1101,1066
27325,13680,6899,3656,1992,1328,1204
27409,13735,6993,3525,2041,1107,952
27231,13706,6931,3527,2039,1188,1063
27221,13749,7048,3537,1877,1087,1282
27287,13739,6943,3517,1876,1084,1075
27260,13806,6943,3690,1987,1148,1076
27424,13998,7041,3720,1820,1043,1148
27270,13701,7070,3594,2021,1153,1021
27256,13748,6924,3576,1869,1155,1300
27275,13727,6934,3571,1847,1185,985
