1,2,4,8,16,32,64
27783,39204,28133,17221,14462,7175,4806
27833,39644,28871,15676,14144,7304,4780
27798,36713,29756,17034,14484,7188,4808
27801,39550,31587,19375,16430,8469,5055
27711,35454,28320,17503,14776,7162,4700
27738,37855,29084,18395,14668,7143,4723
27745,38711,26754,16222,14519,7293,4691
27756,40793,29567,18846,14476,7168,4724
27794,39327,29538,17118,14742,7348,4728
27787,36643,33227,17665,14506,7168,4931
27820,39480,29203,16934,14555,7287,4794
27810,40335,29452,19420,14777,7142,4781
27744,37106,32840,17175,14792,7316,4803
27829,37061,31447,16781,14736,7220,4695
27722,38356,28248,15960,14451,7294,4852
