1,2,4,8,16,32,64
27873409,13917996,6963299,3480864,1752495,1000244,974056
27861761,13924249,6961468,3481939,1753152,1022207,975588
27863879,13884000,6960616,3481317,1751900,999472,975649
27876694,13844541,6927231,3486387,1754138,998614,975622
27882944,13840664,6931610,3483679,1753323,999702,974793
27881964,13840516,6931129,3483368,1752454,998301,974688
27885343,13843767,6914686,3482148,1751901,998427,976800
27875549,13847299,6967766,3487893,1752183,998618,976916
27885690,13859975,6965518,3490993,1752757,1001051,974001
27869469,13908698,6963781,3491101,1753764,999136,973917
27934502,13927557,6972418,3492874,1754434,1000938,974857
27943254,13946465,6984924,3486154,1754355,999889,976632
27933568,13881315,6972359,3493048,1753801,1001116,974529
27924444,13932569,6976608,3492426,1754407,999838,975881
27914116,13931182,6968672,3493747,1754221,999162,974430
