1,2,4,8,16,32,64
27830494,13872812,6902016,3471205,1746216,994727,978349
27829519,13822451,6899998,3472108,1745961,994259,976192
27820488,13875477,6916489,3471399,1748505,994488,975995
27820318,13837484,6900833,3473135,1747035,993343,977631
27812944,13840728,6924739,3472101,1747871,993392,976570
27798358,13913225,6911412,3479598,1746336,993445,976194
27826289,13895882,6911977,3473060,1745595,994049,975678
27826097,13877892,6900911,3470671,1746597,993037,977052
27817397,13789174,6904979,3470783,1746486,992785,977157
27819587,13791565,6902319,3476522,1747159,993702,975938
27828366,13813522,6924280,3472983,1747268,993606,976132
27784648,13820208,6899333,3478819,1748669,992895,975741
27766656,13826017,6899117,3471015,1749568,993016,975998
27774007,13886510,6909264,3476292,1746545,993414,975533
27804831,13898758,6899263,3476435,1746528,995109,976189
