1,2,4,8,16,32,64
142660669,72354888,36168809,18152638,9173475,4634344,2535074
144091724,72318334,36171130,18157373,9138705,4615941,2546782
142856309,71353066,36213981,18168567,9157376,4657429,2552482
141828766,71300296,36144635,18147659,9142650,4635959,2806897
143498263,71344117,35612401,18157101,9141243,4616106,2536100
142965101,71301278,36184600,18162245,9138475,4634349,2652944
143817016,72348005,36160000,18147534,9140155,4632595,2530652
144063574,72340578,36185861,18160079,9142318,4617240,2679191
143947985,72979726,36274728,18224287,9170448,4635528,2671055
143940833,72927682,36259311,18185949,9176412,4633520,2629382
141791056,72640745,36392430,18160835,9142579,4617854,2555673
142000500,72949984,36459717,18157604,9140704,4624960,2635389
141586660,72490225,36267764,18161672,9179019,4617812,2572731
143677202,72927330,36474010,18155562,9138069,4664935,2540187
143259186,72445141,36214217,18203054,9138478,4617172,2520495
