1,2,4,8,16,32,64
14716,7499,3826,1963,1031,525,265
14711,7489,3812,1962,1027,529,258
14713,7498,3833,1952,1028,533,258
14714,7508,3816,1951,1036,528,257
14726,7493,3804,1952,1021,526,268
14759,7489,3827,1960,1027,541,435
14706,7531,3813,1941,1025,527,268
14738,7501,3824,1949,1025,543,262
14720,7532,3808,1946,1028,576,258
14685,7507,3822,1977,1037,524,258
14692,7482,3819,1960,1028,520,265
14703,7491,3829,1960,1022,541,257
14680,7483,3818,1949,1025,540,258
14717,7493,3821,1943,1037,520,289
14729,7496,3823,1960,1029,536,256
