1,2,4,8,16,32,64
17871,9059,4602,2341,1223,624,303
17909,9073,4596,2343,1209,626,306
17516,8922,4582,2417,1246,631,304
17888,9085,4603,2348,1223,631,306
17865,9063,4505,2335,1221,620,308
17908,9072,4584,2343,1211,623,298
17476,8849,4618,2343,1212,629,358
17870,9060,4598,2331,1227,638,301
17887,9084,4596,2371,1236,640,297
17546,9056,4588,2338,1204,651,300
17555,8880,4601,2338,1214,636,302
17901,9061,4601,2349,1227,635,307
17872,8867,4592,2335,1225,623,301
17884,9059,4591,2344,1217,629,325
17867,9065,4596,2339,1217,626,303
