1,2,4,8,16,32,64
15054199,7531271,3740860,1880005,942198,477854,270169
15057048,7500262,3744403,1868395,940323,473187,269415
15054344,7501350,3739716,1871109,940551,472681,269620
15058843,7521192,3740544,1875264,939996,474192,270595
15049995,7531572,3738902,1867946,945130,473048,269265
15051066,7529148,3739186,1876280,945874,473285,269788
15050672,7524707,3739241,1868918,941901,472575,269695
15054134,7534248,3739650,1869138,939970,473383,269889
15054094,7528747,3741924,1869254,940740,473107,269426
15055388,7529029,3741939,1870636,947784,476289,269373
15062771,7525612,3741974,1879373,940538,492574,269763
15063809,7524116,3734179,1869242,941996,474150,270973
15058491,7527698,3736694,1873053,940667,474638,269581
15066089,7520480,3760446,1869882,940376,474415,270132
15054481,7521355,3741152,1868334,944194,475211,269159
