1,2,4,8,16,32,64
3571803,5037224,3247784,2090763,2137496,1047182,566897
3572227,5017267,3251140,2168247,2094162,1060744,566318
3573277,5029680,3258881,2129158,2124708,1045536,567443
3577824,5011422,3234081,2150167,2105289,1064833,567350
3574857,5042356,3276529,2145718,2139415,1044722,567287
3575547,5022352,3258116,2153782,2105085,1060657,567908
3578101,5018635,3242151,2140600,2123177,1044762,567426
3574494,5057322,3259469,2156838,2097279,1061088,567289
3576663,5045576,3243208,2137340,2126456,1045811,566297
3576168,4995900,3241235,2184901,2103225,1061987,567266
3563615,5021788,3244184,2132808,2127066,1061712,566694
3565058,5033022,3245649,2137242,2129312,1046333,566840
3566469,4981493,3251779,2152095,2108068,1061755,567117
3561006,5015897,3213651,2133217,2131235,1047940,566782
3563459,5043695,3228106,2193166,2104496,1060911,567299
