1,2,4,8,16,32,64,128
2223,1220,653,365,201,120,62,52
2220,1220,653,359,202,119,66,53
2268,1242,647,351,203,120,61,51
2264,1236,653,353,197,122,64,47
2260,1240,642,351,211,120,61,54
2282,1233,659,363,202,118,63,52
2267,1241,654,366,207,116,62,55
2237,1223,653,355,198,124,63,54
2270,1237,651,360,204,122,61,56
2260,1238,650,349,202,124,61,50
2257,1242,648,367,202,117,62,56
2220,1222,653,355,207,120,62,59
2245,1225,647,356,216,119,64,64
2260,1227,659,350,202,127,61,59
2264,1242,661,352,211,119,62,91
