1,2,4,8,16,32,64,128
1861,1033,542,303,183,111,59,64
1930,1046,558,313,201,117,58,61
1868,1020,554,323,193,116,59,59
1869,1035,556,319,178,110,58,62
1865,1035,552,315,185,117,59,58
1866,1033,549,309,191,110,58,59
1869,1031,558,337,185,115,57,64
1867,1033,546,317,184,111,57,62
1871,1029,548,316,209,106,57,59
1868,1027,550,302,188,116,64,61
1873,1034,548,298,194,110,57,58
1892,1032,551,309,181,112,57,60
1861,1037,550,305,194,122,63,63
1869,1035,574,312,188,110,59,59
1864,1036,562,317,192,122,57,59
