1,2,4,8,16,32,64,128
464552,220024,109218,54391,27189,15282,15068,13948
443005,220679,109045,54291,27198,15257,14886,12321
442252,219757,110069,54386,27199,15290,15013,12036
442250,220318,109407,54423,27154,15415,15031,11866
440987,219880,109759,54599,27184,15333,15078,11321
441901,220233,109762,54501,27229,15291,14907,11805
442112,220450,109079,54332,27169,15308,14994,11124
440839,220467,109023,54307,27128,15610,15033,12746
441520,220049,109049,54309,27156,15514,15208,11170
441764,220400,109471,54493,27166,15303,14989,13077
443156,220677,109762,54442,27208,15304,14955,11688
441642,220557,109502,54467,27154,15426,14932,12399
442032,220302,109476,54347,27172,15293,15087,12100
440729,220593,109147,54269,27161,15551,15225,13574
441781,220284,109532,54517,27195,15401,15105,10860
