1,2,4,8,16,32,64,128
1897114,935381,465897,233858,117260,58641,33496,16690
1874419,934655,465675,233523,116998,58749,33599,16481
1872519,932867,466698,233597,116959,58839,33602,16455
1871925,932811,466723,233392,116976,58539,33484,16844
1875545,932424,466458,233372,116786,58881,33423,16498
1870721,934194,466166,233522,116921,58700,33295,16496
1883038,937297,466593,233247,117339,58495,33384,16399
1882523,937587,466947,233565,117008,60467,33317,16422
1881506,938174,466188,233316,117170,58722,33458,16761
1884285,936986,466557,233232,117039,58672,33435,16440
1880419,938158,467464,233397,116947,58719,33402,16515
1880400,937021,466853,233278,116814,60340,33632,16466
1880126,937264,467420,233510,117826,60299,33596,16460
1884044,937885,466368,233810,117987,60889,33441,16451
1879677,936642,467398,233594,117009,58770,33389,16530
