1,2,4,8,16,32,64,128
439494,218710,109237,54700,27342,16106,15315,8439
439599,220392,109994,54496,27253,15945,15342,8125
440744,220097,109718,54657,27586,15930,15453,8157
440630,220231,110096,54582,27275,15896,15429,8462
441087,219799,109930,54612,27270,15786,15337,8163
440908,220204,110030,54531,27241,15851,15390,8169
440178,219766,110028,54516,27359,16009,15361,8519
440510,220189,109949,54533,27598,15920,15408,8149
440826,219866,109976,54777,27619,15758,15241,8116
441693,220369,110044,54568,27265,15792,15329,8332
440183,220006,109883,54642,27583,16083,15368,8162
440874,219747,110067,54583,27251,15921,15417,8131
441195,220590,110157,54475,27292,15983,15410,8332
441530,219907,109961,54639,27274,15991,15360,8157
440188,220583,109636,54624,27303,15990,15370,8435
