1,2,4,8,16,32,64,128
457725,566709,386820,257902,249639,120524,65554,103135
455544,562503,385404,257963,249194,117696,65628,101219
454305,564142,388983,226926,248958,119652,65932,100060
455817,564846,392062,227958,248449,117958,65396,100479
456212,565262,387766,257548,248778,120175,65256,100832
456209,562614,389390,259650,252844,118186,66164,100976
456768,566647,377296,259267,248801,120212,65943,99109
456052,566999,387228,226991,253041,118431,66042,100571
455786,560478,384275,228484,249022,119755,65331,99955
455874,568400,386924,257927,253496,117963,65628,98817
456000,561237,389507,260961,249395,120040,65505,99941
456208,565112,387505,227647,252864,119198,65202,99691
456254,560057,389707,228412,249474,120297,65649,99531
455862,566838,386658,227086,252670,118771,64862,98771
455410,559636,388124,228862,234835,120177,65378,99116
