1,2,4,8,16,32,64,128
236204,116777,58306,29439,14778,7379,3780,2065
236075,116639,58361,29991,14733,7359,3738,1970
236323,117012,58522,29269,14697,7391,3805,1943
236423,116901,58326,29249,14673,7364,3775,1859
235678,116494,58277,29429,14686,7345,3770,2086
235267,116579,58335,29483,15167,7614,3791,1866
236143,116655,58301,29320,15105,7617,3870,1736
235470,116744,58380,29406,14685,7644,3743,1988
235927,116710,58364,29242,14675,7339,3685,1762
235227,116820,58899,29389,15001,7773,3825,1833
235939,116626,58426,29382,14658,7663,3783,1898
235568,116779,58306,29498,14651,7571,3737,1821
235909,116646,58382,29386,15075,7578,3781,1936
234960,116848,58281,29573,15048,7660,3777,1914
236090,116630,58545,29402,14944,7653,3785,1754
