1,2,4,8,16,32,64,128
280434,141844,70978,35526,17885,8926,4549,2309
286783,141907,70985,35544,17791,8913,4561,2321
286599,139291,70953,35504,17793,8938,4573,2348
280872,142047,70944,35528,17790,11795,4587,2337
281029,141856,70043,35543,17838,8935,4613,2304
281040,141731,70979,35539,17821,8924,4576,2327
280368,141643,71010,35698,17800,8922,4548,2335
286224,141657,70945,35564,17813,9010,4574,2321
280377,141764,70977,35710,17787,8915,4552,17928
286994,141882,70928,35554,17825,8916,4564,17477
281179,138791,70970,35536,17800,8913,4559,17438
281613,138864,70961,35515,17823,8917,4540,17507
287183,141944,70919,35696,17804,16345,4641,17297
286750,141707,70962,35525,17842,8910,4542,17031
280779,142015,70990,35533,17825,8947,4612,17096
