1,2,4,8,16,32,64,128
55660,68770,51445,29562,28937,14357,9072,11563
55485,73740,48098,30579,32552,14626,9115,12344
55489,79347,48797,30803,33294,14382,8972,12976
55437,81633,51122,30766,28473,14564,9155,11608
55656,72115,53133,33794,28985,14704,8961,13347
55466,77207,49659,30254,32583,14611,8970,11944
55496,79423,52977,31649,29061,14450,8957,11573
55632,68348,50548,31827,28422,14555,9039,12343
55495,78833,47656,28585,33384,14393,9048,12475
55414,78613,51104,30555,28294,14701,9046,12152
55672,73340,49762,29801,29004,14313,9121,12978
55437,75319,50251,30693,28976,14635,8756,12156
55635,68496,50959,33763,28938,14299,8772,11343
55520,73773,52479,32360,29044,14585,9193,11987
55781,67731,52619,31235,28875,14418,9110,11689
