1,2,4,8,16,32,64,128
54468,27618,13774,9765,4578,3457,1367,490
54171,27603,13813,6931,5302,3188,1230,505
54206,27596,13837,7169,5276,3447,1577,826
54195,27465,14074,8688,5135,3416,1240,490
54309,27284,13760,7890,4172,3346,1211,491
54273,27386,13776,7202,3640,3196,1317,493
54223,27328,13792,7427,5684,3295,1307,495
55212,27287,13924,8073,5135,3502,1437,869
54191,27663,13884,7056,3750,3466,1366,485
54343,27622,13768,6976,4720,3380,1321,492
54223,34666,14123,7355,5574,3396,1381,496
54244,27403,13868,6980,4148,2432,1464,491
54190,27314,13893,7016,5741,3438,1410,492
54207,27327,13872,6946,5477,3260,1210,486
54199,27417,13898,6938,5211,3167,1375,485
