1,2,4,8,16,32,64,128
284465365,144755003,72344307,36293271,18280736,9394978,5114810,2732188
284291505,142888187,72393421,36313950,18281116,9234869,5157002,2516014
285942876,143233132,72391781,36431700,18281748,9245979,5065957,2526869
286948684,142661922,72814098,36394348,18276459,9233971,5082709,2538598
286945717,144161242,72340068,36306393,18274853,9237814,5077670,2525951
286957026,142690376,72311875,36292440,18279219,9232680,5088653,2538676
287209968,143460048,72427099,36417138,18334409,9233602,5043218,2536073
288792482,143711781,72927519,36375024,18290322,9231188,5101750,2539015
285988870,144815562,72331664,36283875,18269144,9266148,5094079,2538428
287725318,143188040,72495600,36449248,18272825,9231091,5065193,2516789
288939928,144100038,72929550,36392797,18279441,9231859,5062786,2510498
287320190,145708263,72784332,36312259,18272005,9231995,5044667,2539315
283846289,145700598,72609447,36448880,18269908,9486329,5097397,2535986
286339409,144917485,71394559,36408444,18278554,9233542,5057340,2745709
287733674,145761588,72871403,36384837,18276009,9233252,5067752,2514785
