1,2,4,8,16,32,64,128
56837414,78769650,51072636,34795461,34034731,17046596,8997945,12678242
56934657,74479212,50373536,33565275,34089122,17034532,8997810,12600654
56907382,74022506,50515223,32859434,34032326,16769573,8998185,12599931
56861971,78454481,51045081,33540742,33924088,17060737,8997106,12583922
56759320,79850810,51903443,34759754,34076782,16780788,8996445,12617202
56758909,73987813,50447346,33509935,33951645,17049164,8996648,12646639
56804146,74091533,51667441,34814669,33976497,16766641,8997275,12614864
56769644,71803282,51635837,34611972,34214245,17034430,8995726,12670946
56764452,80002746,51684979,34785384,34137231,16755803,8998793,12622680
56783826,78596672,51138353,34642359,34030808,17035958,8997888,12626094
56785910,80457421,52202487,34893997,34218224,16824532,8984479,12625750
56940804,78127207,51157247,34728869,34180710,17079801,8996366,12589959
56804768,78943781,50604120,33057287,34085112,16794659,8995585,12641600
56794328,74348009,50150596,33144762,33504164,17099041,8994751,12603895
56825545,74314791,51041374,34212630,34005849,16758208,8993576,12622571
