1,2,4,8,16,32,64,128
240201422,119880504,60169486,29993181,15094003,7624690,4381863,2165234
240396883,120107404,59526913,29909549,15036076,7868079,4382241,2168852
240307113,120319387,59573670,30017808,15075701,7847470,4373892,2163991
239417319,119236358,59554820,29932162,15095872,7630561,4382454,2166888
239408199,119189683,59550527,29969910,15051329,7624728,4377060,2167057
239462252,119219461,59573759,29998251,15093187,7836212,4368967,2165086
239397734,119220615,59590950,29872295,15076399,7632552,4387648,2164057
239421103,119179038,59528023,29868032,15077921,7629293,4383250,2163400
239399748,119246943,59559800,29890600,15079759,7609925,4385297,2431573
239448982,119138700,59547601,29928728,15078516,7607007,4383681,2164984
239345893,119234853,59570041,29942844,15074994,7612400,4384430,2168488
239325291,119207858,59546998,29978445,15072232,7625743,4384795,2165238
239358448,119231199,59753388,29862672,15051313,7627157,4380100,2437745
239453306,119204376,59572546,29962355,15092335,7621203,4371470,2164638
239372937,119210423,59575589,29983432,15049949,7623982,4382761,2377849
