1,2,4,8,16,32,64,128
6817,3520,1831,985,523,305,253,237
6831,3522,1876,968,530,327,236,223
6819,3527,1996,1083,539,317,233,237
6867,3531,2010,983,527,309,232,227
6821,3555,1871,1000,559,391,233,230
6818,3550,2258,1149,583,335,238,225
6828,3643,1941,1010,548,339,244,232
6827,3653,2251,1149,597,360,259,229
6815,3549,1880,1060,620,322,274,227
6825,3646,2135,1054,551,330,256,231
6858,4495,2093,1036,729,327,235,222
6825,3647,1909,1053,614,321,249,226
6830,4304,2230,1459,600,346,241,230
6824,3650,2087,1141,569,364,260,227
6831,4436,2102,1033,729,334,237,232
