1,2,4,8,16,32,64,128
6979,9471,7308,5783,4172,2164,1252,1482
7002,9718,6999,4903,4171,2121,1246,1517
6997,9820,6456,4284,4214,2054,1250,1595
7009,9766,6566,4199,4120,2144,1218,1603
7024,9255,6992,4244,4202,2096,1304,1563
7024,9596,6933,4494,4138,2132,1262,1674
7020,9376,7870,4642,4217,2114,1303,1592
7013,10061,7302,4864,4215,2093,1309,1617
7007,10126,9224,5098,4225,2118,1272,1550
6985,10129,8342,4828,4211,2096,1293,1520
7015,10137,8046,4956,4249,2131,1329,1602
6997,9699,6930,4873,4171,2124,1261,1540
7014,9427,6706,4974,4211,2141,1304,1731
7009,9494,7302,4533,4213,2098,1230,1486
6997,9496,7284,4974,4208,2128,1304,1489
