1,2,4,8,16,32,64,128
6976890,3475311,1740927,872210,435642,249466,244198,123475
6982940,3475611,1742040,872660,435817,249237,243656,123862
6978958,3475462,1742614,870939,435593,250367,244121,123319
6978838,3477036,1744048,873433,435691,253106,243994,123846
6987934,3480695,1747630,872948,435425,263923,244160,123450
6978330,3475314,1745093,870278,435753,249297,244486,123618
6977274,3477477,1744753,872574,435575,249770,243892,123799
6980523,3475902,1744530,872886,435578,249795,244078,123448
6985337,3474589,1747569,874043,435656,249141,245085,127434
6981249,3481786,1750126,872893,435562,249818,244464,123660
6978694,3477788,1750670,873976,435618,249310,244022,123244
6983561,3474863,1749035,872876,435705,250259,243744,123352
6979946,3481398,1750752,869489,435631,250085,244504,123935
6987240,3485608,1754188,873151,435825,248951,243828,123369
6979137,3487124,1751071,872837,435681,249432,243788,123608
