1,2,4,8,16,32,64,128
6966746,3480634,1744563,870378,434314,247507,243949,171920
6964126,3479520,1749914,871995,433933,247531,244462,167158
6964225,3469562,1748232,872391,434041,247992,243856,174911
6969982,3467870,1753138,871556,434012,247685,243971,169936
6972036,3485127,1751824,871751,433987,247399,244049,183337
6964015,3480408,1752093,867575,434265,249089,243938,171388
6966924,3482520,1749288,867520,433975,248792,243943,193560
6964172,3481750,1747346,867792,434630,247519,244134,172488
6962883,3468970,1748151,868124,433926,247474,243946,178098
6962927,3484676,1749222,868121,434083,247545,244189,174271
6965946,3466220,1750512,868096,434419,247660,243993,171905
6962676,3469108,1747932,870780,434363,247601,243995,167084
6968983,3479724,1748451,868147,434576,247498,245047,183203
6960248,3480808,1747729,872452,434468,247628,244197,166633
6962064,3479526,1752352,871511,434052,249659,244603,182725
