1,2,4,8,16,32,64,128
7116699,10103193,6525489,4289104,4185644,2128155,1137489,1590688
7118395,10045543,6473111,4256847,4243849,2106748,1137167,1591395
7115684,10009626,6479456,4313856,4197053,2126739,1137116,1597035
7115308,10034257,6433909,4258950,4272854,2094387,1136867,1600635
7121609,10014461,6528299,4312338,4216869,2120916,1137363,1596314
7123107,10046200,6535676,4277230,4259221,2096927,1137227,1589325
7117058,9997562,6481790,4332711,4206859,2139892,1137479,1592733
7114526,10102177,6450497,4318822,4259540,2092346,1137462,1596121
7114268,10011424,6468168,4283096,4255632,2125978,1137522,1596684
7113435,10015513,6468470,4332590,4269211,2093877,1137356,1589365
7115196,10031554,6443588,4282517,4255859,2127005,1136746,1599750
7126248,10035732,6538090,4387363,4256989,2094307,1137318,1592105
7113716,9994623,6426687,4302943,4270224,2127805,1137275,1598817
7115192,9971342,6533843,4333022,4275959,2092372,1138661,1594531
7115409,10044366,6554602,4190948,4272733,2129425,1136997,1598903
