1,2,4,8,16,32,64,128
3699,1971,1054,563,304,170,99,65
3722,1974,1050,560,325,166,89,63
3705,1962,1062,546,299,169,90,69
3703,1966,1059,552,307,168,89,69
3712,1964,1049,552,301,172,89,70
3702,1977,1049,556,317,168,89,63
3708,1983,1051,555,301,174,89,64
3704,1984,1047,571,306,175,88,70
3711,1981,1047,563,301,173,87,67
3706,1975,1059,559,318,168,101,60
3707,1970,1059,552,310,169,89,67
3703,1979,1056,551,305,164,88,67
3696,1973,1048,551,303,170,88,69
3700,1976,1058,578,310,175,87,68
3693,1970,1052,566,305,165,87,62
