1,2,4,8,16,32,64,128
890,1648,1045,638,548,299,175,239
910,1634,1049,646,544,295,177,260
891,1592,1068,628,553,299,178,274
883,1516,1074,631,548,291,186,270
890,1606,1038,644,544,301,177,258
908,1614,1046,637,543,304,176,245
890,1638,1040,633,542,298,175,269
883,1643,1058,634,550,297,182,269
890,1547,1067,644,555,295,181,276
890,1594,1048,644,544,295,183,290
965,1608,1066,633,550,304,185,260
884,1584,1056,646,551,295,177,278
877,1626,1078,631,545,299,184,280
886,1615,1085,624,549,296,179,266
888,1616,1078,645,546,306,183,249
