1,2,4,8,16,32,64,128
4494,2365,1242,691,384,192,102,76
4496,2363,1241,665,353,216,101,75
4505,2361,1242,650,356,196,97,69
4422,2304,1240,652,362,191,97,74
4485,2365,1244,648,350,195,97,70
4421,2322,1232,669,354,193,96,71
4403,2357,1253,652,351,193,96,72
4387,2332,1265,652,350,189,97,74
4488,2355,1241,667,356,190,97,72
4498,2353,1239,649,354,196,105,69
4486,2363,1270,651,350,198,95,71
4517,2386,1238,655,380,196,96,71
4489,2366,1251,665,358,201,97,85
4491,2363,1235,658,359,194,94,72
4487,2365,1241,665,347,205,96,71
