1,2,4,8,16,32,64,128
878353,438241,218804,108654,54175,31466,30549,15784
878268,437894,218363,109448,54575,31504,30657,16170
878757,437164,219422,108893,54366,31597,30505,16132
877425,436513,218443,108832,54249,31613,30543,15797
878527,439186,218952,109452,54144,31660,30647,16397
877895,437923,219426,109890,54191,31577,30514,16138
878610,439756,220395,108829,54225,31568,30681,15813
877532,438147,220197,109103,54157,31304,30716,15867
879304,438564,219405,108812,54289,31371,30530,15815
878216,437775,220458,109442,54228,31733,30535,15821
878219,439203,219561,108803,54224,31667,30810,15784
877679,437102,218886,109425,54489,31701,30611,15818
877621,439159,219102,109305,54254,31994,30559,15821
876994,438705,218243,109600,54186,31613,30530,15715
878265,439079,219163,108869,54235,31318,30515,15789
