1,2,4,8,16,32,64,128
878586,438004,216493,108335,53995,30694,30295,20169
880308,437478,216601,108268,54030,30745,30220,21104
878954,438049,216745,108350,54094,30791,30513,21002
880493,438368,216458,108914,54045,30754,30536,20179
881871,438287,216457,108292,53999,30859,30242,21338
879647,438550,216977,108466,54059,30765,30968,20129
880115,439485,216477,108351,54017,30714,30194,20822
879804,439143,216614,109472,54050,30949,30724,21648
880480,438595,216991,108458,54061,30788,30241,22323
880659,438794,216962,108766,54056,31476,30262,21755
880102,438524,217185,108421,54067,30705,30541,22019
880230,438625,216472,108408,54027,30713,30414,19776
880289,437763,216653,108460,54029,30769,30476,20437
879734,437661,216657,108315,54016,31564,30383,20774
880370,438095,216465,108585,54056,30641,30454,21413
