1,2,4,8,16,32,64,128
562715,283196,141610,71937,35977,17898,9303,4600
573666,283529,141807,71028,35567,18178,9390,4648
561806,283339,141697,71030,35573,18139,9432,4633
572653,283197,141711,71147,36736,18091,9305,4582
573242,282990,141669,71030,35646,17826,9296,4833
573979,283700,141854,71023,36948,18208,9461,4655
562172,279536,141811,71155,35806,17939,9427,4632
575120,283551,141851,71187,35793,17779,9365,4664
561095,277915,141767,71133,35568,17794,9433,4626
561410,283412,141627,71042,35786,17763,9194,4585
563747,283265,141731,70990,35739,17787,9327,4644
562914,283653,141735,71146,35763,17741,9418,6190
562258,283411,141632,70985,35777,17857,9245,4642
573703,277989,141594,71034,36317,17829,9200,4642
562002,283496,141563,71043,35566,17763,9510,4968
