1,2,4,8,16,32,64,128
111196,141793,96393,60451,61375,29262,17490,31751
111333,142732,102853,55466,62102,28535,17260,25143
111585,143340,103679,56215,61114,28959,17700,31985
111107,142309,95516,59909,62616,28644,18006,25771
111323,144440,95091,59522,62309,29023,17780,38343
111719,146086,95993,57142,61872,28457,17513,37873
111347,144275,96520,59838,62465,29061,16953,38066
111175,144154,95729,56579,61887,28591,17564,38253
111319,144005,96043,59657,62994,29080,17464,32146
111442,145276,96039,60333,62420,28729,17420,32235
111457,142233,96640,56721,61936,28983,17212,25013
111384,142774,95512,60246,62240,28748,17407,24816
111351,142537,103302,55454,62137,28938,17547,24793
111544,142023,94794,56814,62091,28623,17484,24897
111045,158576,96477,59174,62375,29302,17498,24739
