1,2,4,8,16,32,64,128
471324,232622,116590,58557,29568,14677,7922,3488
470764,233336,116533,58561,29323,15110,7709,3791
471040,232726,116533,58583,29332,15805,7671,4028
470087,233449,116492,58419,30155,15042,7782,3819
471160,233402,116530,58456,29581,14678,7725,3469
470886,232608,116462,58753,29346,15058,7708,3932
470842,232615,116568,58641,29367,14668,7810,3640
470540,232999,116571,58560,29325,14687,7792,3894
472455,232698,116721,58695,29312,14687,7658,3688
471246,233012,116524,58531,29229,14713,7951,3733
471048,232950,116454,58725,29315,14686,7850,3825
470642,232799,116511,58307,29359,14702,7696,3742
471320,232520,116306,58617,29220,14689,7932,3782
470366,233205,116923,58959,29260,14669,7762,3690
471092,232705,116484,58817,29351,14684,7766,4053
