1,2,4,8,16,32,64,128
59158,29464,14796,7480,3787,1907,1090,487
59155,29394,14821,7464,3774,1900,1140,512
58961,29443,14846,7452,3782,1912,1106,502
59122,29464,14821,7456,3779,1982,1148,481
58975,29440,14852,7466,3774,1898,1197,532
58671,29392,14768,7440,3762,1897,1101,498
58698,29515,14822,7437,3881,1947,1100,458
59000,29392,14812,7436,3777,1949,1114,481
58847,29406,14802,7433,3853,1912,1196,528
59020,29465,14795,7441,3773,1912,1116,451
59212,29447,14802,7445,3757,1955,1238,541
58786,29399,14800,7469,3777,1907,1093,452
59208,29422,14821,7445,3784,1910,963,500
59319,29455,14776,7452,3774,1926,1111,492
59056,29407,14766,7440,3844,1900,1121,527
