1,2,4,8,16,32,64,128
13705,6995,3879,2838,1449,822,358,161
13683,6963,3585,1852,1050,697,382,154
13876,7287,3607,2078,1218,639,335,168
13683,7014,3537,2006,1107,718,399,147
13673,7127,3603,1843,1215,702,371,163
13680,7180,3642,2582,1483,809,342,139
13682,6973,3530,1834,1092,616,337,157
13872,7612,3602,1836,1437,790,313,152
13670,6985,3589,1862,1141,702,360,158
13897,7057,3889,1873,1069,591,314,158
13686,7063,3533,2134,1331,852,268,164
13859,7015,3830,1860,982,569,280,146
13673,6946,3510,1873,990,566,316,164
13866,7253,3595,1926,1431,765,397,149
13661,7048,3540,1862,1468,820,341,147
