1,2,4,8,16,32,64,128
13675,7114,3633,1870,1186,558,573,390
13669,6945,3551,1822,982,561,527,377
14086,7151,3691,1888,1177,554,442,417
13672,6975,3525,1962,1027,574,518,439
13684,7123,3550,1857,1183,543,545,401
13644,6927,3538,1849,1004,553,480,400
13671,7206,3937,2033,1215,592,536,402
13632,6923,3548,2013,1283,555,475,386
13680,7009,3585,2109,1013,568,468,447
13640,6971,3539,1859,984,588,462,456
13887,7201,3749,2104,1002,556,480,460
13663,6919,3568,1845,1051,525,479,429
13850,6994,3583,1975,1190,573,491,460
13649,6931,3568,1877,1160,533,547,426
13662,7114,3588,1834,1196,576,560,443
