1,2,4,8,16,32,64,128
13950689,6948355,3483889,1745065,876513,533962,488296,246404
13951144,6956765,3484682,1745226,876478,499639,487524,245925
13948660,6960212,3488203,1744378,876898,500540,488142,250389
13956036,6962532,3493310,1745006,876104,500841,488092,245900
13953012,6966841,3489433,1745111,876480,503554,487517,246308
13948613,6960794,3491658,1746257,876587,499491,487219,245775
13942946,6953686,3488781,1744765,876196,499903,487522,245278
13943557,6951028,3486185,1744966,876480,523456,487571,245984
13946448,6963691,3491364,1744974,876673,500240,487995,245799
13950010,6952389,3488173,1745404,876212,500630,487396,245676
13947390,6939500,3486545,1745027,876299,499866,488447,247387
13947150,6960894,3485251,1745125,876701,500019,487366,247648
13952723,6953444,3489597,1747539,877916,499790,487407,246555
13947399,6949766,3486991,1746435,876762,498982,488373,245899
13946251,6949339,3485683,1746189,876460,499748,487150,245817
