1,2,4,8,16,32,64,128
13918312,6923320,3462448,1735307,873255,495948,488373,358521
13930035,6925652,3459663,1734895,873402,496652,488777,381020
13932571,6922149,3451239,1735170,873698,495921,489104,358737
13924386,6943757,3453232,1735820,873092,497444,487877,345129
13927873,6942017,3454968,1735671,873399,495760,488615,352421
13935024,6939167,3458684,1735159,873286,496094,488102,372401
13926166,6923865,3455102,1735640,873620,497009,488713,352476
13925520,6917507,3453800,1735929,873594,495976,488175,347182
13921591,6944983,3457424,1734801,873471,496138,488965,351542
13925450,6943297,3451552,1735165,874651,496113,488149,347110
13924360,6920858,3451972,1737037,873756,496095,488118,345177
13919779,6943712,3454703,1735177,873548,496869,490286,362459
13928261,6918703,3454427,1734599,873167,496868,488152,337766
13919640,6945738,3455455,1734194,873797,497344,487988,357510
13924547,6922349,3455991,1734238,873586,495952,487873,353777
