1,2,4,8,16,32,64,128
14202370,20122763,12901544,8581357,8516996,4257960,2247610,3187890
14209495,20050767,13037431,8675279,8472159,4223254,2248537,3173313
14283518,20076238,12899841,8560961,8553529,4279985,2246918,3171276
14214821,20044473,13065253,8465474,8512250,4187991,2247851,3168098
14217319,20089557,13036163,8579273,8560681,4249600,2247570,3169099
14222953,20082917,12906746,8673840,8514996,4190101,2246751,3176788
14216088,20088837,12947604,8605317,8393442,4286638,2247629,3161811
14212875,20080133,13011708,8568086,8508605,4219453,2247748,3167004
14216292,20078394,13062938,8647458,8418479,4270986,2247012,3170028
14228148,20174966,12988389,8521041,8533087,4210660,2247850,3165375
14228261,20033677,13016133,8639834,8391483,4263289,2246227,3174639
14226673,20041575,12997281,8670723,8555778,4186339,2248748,3172598
14214434,20169134,12950511,8654494,8365597,4267665,2248517,3159244
14222625,20054191,13106971,8527340,8516938,4194773,2247402,3195758
14213491,20114012,12925306,8632561,8386871,4256420,2247677,3170987
