1,2,4,8,16,32,64,128
71495980,36219136,18086317,9092297,4571526,2364399,1539354,635290
70587650,36183997,18088861,9085160,4570052,2310725,1263778,629507
70671466,36185312,18088909,9086289,4570607,2309592,1257089,635030
70647103,36194821,18093377,9083843,4568324,2317238,1286203,857348
71665759,35519814,18116420,9107400,4583990,2316874,1256399,828883
71927889,35813330,18085741,9080712,4582162,2350327,1524002,628696
70831957,36277720,18123346,9074835,4578821,2322493,1284015,872706
70749018,36257139,18095930,9084815,4568504,2308879,1261557,798984
70614510,35525399,18098903,9082191,4571956,2307465,1268961,631895
72011796,36201456,18139917,9120925,4571444,2308946,1264100,890371
71877444,36418551,18104539,9096329,4568527,2322297,1266390,631977
71969760,36507870,18086146,9080848,4569079,2330963,1432733,635238
70992612,36458596,18208083,9081610,4568678,2320127,1265969,861919
70915317,36379993,18090932,9075529,4576620,2323503,1266257,627784
70958551,36218901,18142521,9077148,4567372,2362758,1565774,635123
