1,2,4,8,16,32,64,128
1734,967,515,293,176,129,88,120
1750,963,512,283,175,117,85,115
1729,962,525,281,174,116,87,108
1730,963,517,283,181,118,88,120
1726,967,513,281,180,113,87,107
1730,968,512,272,181,123,87,104
1724,963,529,279,170,113,86,123
1748,974,512,279,175,115,88,126
1738,975,506,285,178,112,88,111
1724,970,509,277,198,122,89,124
1725,966,515,291,176,121,83,117
1739,974,515,291,176,116,84,106
1727,972,519,294,183,119,84,104
1734,965,507,276,188,119,85,119
1732,959,530,287,175,113,84,107
