1,2,4,8,16,32,64,128
7366,3812,1973,1034,557,305,145,118
7387,3805,1969,1042,550,296,147,123
7373,3805,1965,1032,560,293,146,124
7370,3821,1974,1039,547,291,146,125
7373,3805,1979,1042,541,290,163,120
7379,3804,1987,1037,546,296,145,115
7377,3812,1977,1033,540,301,145,112
7374,3805,1976,1035,552,295,144,123
7363,3802,1975,1031,557,291,152,120
7362,3818,1984,1034,545,312,144,116
7404,3797,1981,1033,609,301,144,114
7377,3815,1983,1037,547,296,144,112
7363,3875,1969,1035,545,297,144,121
7376,3810,1985,1043,546,339,144,117
7408,3802,1970,1035,552,299,156,113
