1,2,4,8,16,32,64,128
8994,4640,2360,1222,644,341,170,106
8813,4616,2365,1224,642,336,165,111
8888,4584,2378,1232,650,337,172,107
8965,4607,2348,1237,653,340,165,106
8779,4577,2344,1218,637,367,168,107
8830,4503,2334,1230,645,337,189,108
8970,4608,2360,1216,664,333,166,108
8960,4600,2338,1232,647,365,166,108
8829,4503,2342,1232,654,347,165,108
8966,4609,2354,1232,644,342,165,126
8788,4565,2360,1226,659,337,170,106
8961,4596,2344,1224,656,343,165,109
8965,4598,2347,1236,648,340,165,108
8980,4520,2353,1229,658,344,164,106
8973,4608,2335,1237,658,340,166,108
