1,2,4,8,16,32,64,128
7525381,3752036,1872122,932763,469789,236291,133341,67531
7528913,3750625,1870449,933605,471385,236083,133864,67886
7538311,3766945,1872233,932736,470120,236499,134003,73608
7531352,3762989,1870847,936022,469627,236099,134167,67668
7530818,3760773,1872270,933990,471905,244641,133438,67228
7527655,3759974,1871840,933929,470240,244826,133562,67374
7535801,3763888,1871926,935276,473294,236213,133787,67242
7531020,3766654,1872543,933647,469766,236715,183268,67545
7536490,3762306,1871644,934280,469553,236787,134167,67733
7532315,3763195,1873185,933416,471695,235964,133986,67477
7530785,3764554,1870063,936231,471613,244562,134447,67831
7534530,3764057,1877444,933301,470116,237872,134196,72131
7532292,3759250,1870375,934063,469900,236694,133958,67539
7541944,3767789,1874569,934280,472734,236267,133952,67373
7537916,3763598,1869796,935108,471389,235970,134138,67431
