1,2,4,8,16,32,64,128
1802751,2197086,1617092,1074494,1039999,517419,282032,402322
1799795,2515868,1617834,1079601,1047591,526729,280987,403998
1800398,2517320,1630662,1066595,1063240,517436,280910,402314
1797791,2520871,1616885,1072935,1040007,528616,280886,402881
1800195,2513569,1607785,1084057,1061295,518695,281114,402452
1797058,2504494,1626503,1073489,1046633,525715,281257,400640
1795879,2511192,1615810,1064243,1065284,520253,280725,405088
1796275,2510539,1615766,1073601,1045192,525600,281212,398369
1796077,2525744,1609129,1061709,1062027,516858,281108,400462
1794364,2504686,1611238,1079161,1041928,526021,280991,401757
1795580,2501915,1625084,1058944,1062153,516941,280734,404200
1792209,2516266,1634664,1075429,1045766,524855,280463,406430
1794737,2513701,1631643,1064818,1059248,517199,280964,404975
1795714,2519404,1615633,1084520,1059520,519525,280576,402857
1795407,2524551,1619349,1075057,1050045,528519,280161,400806
