1,2,4,8,16,32,64,128
1753040,870092,436192,216004,108264,62031,60913,43424
1751287,871284,436740,215958,108084,62069,61082,45557
1752388,871579,431568,215881,107909,62036,61832,43620
1751600,872405,432028,216104,107957,62052,61206,41435
1751733,870530,432512,216073,108140,61596,60853,39279
1752560,871190,432307,215771,107921,61649,60996,42400
1751127,871605,432099,216046,108318,62713,60808,41405
1751606,873775,432476,215936,107934,61898,61194,42562
1753562,874835,432961,215899,108071,61712,61472,41444
1752214,873600,431834,216263,107812,62194,60903,41988
1753406,874018,432325,216324,108063,61718,61261,44375
1752509,874370,431881,215827,107928,61933,63207,46511
1751719,873730,432154,216263,107921,62072,61014,41073
1753149,871479,431616,215964,107993,61670,60919,41507
1753104,873850,432493,215810,107869,62351,60825,44039
