1,2,4,8,16,32,64,128
8905689,4535336,2274048,1136038,570994,286593,158569,80530
9012706,4539327,2271424,1133607,570655,286733,158990,81764
8903767,4545241,2273310,1142135,570804,286670,156568,80930
9013290,4482837,2268674,1134461,573822,295854,156311,81462
8901189,4489543,2269594,1144753,570663,286708,158764,81445
8928486,4550317,2264049,1135346,570780,295020,155741,84189
8912067,4545960,2271217,1133643,572521,289921,157262,80391
8905590,4472331,2238516,1136189,570774,291163,158214,81607
8901565,4551587,2270457,1136178,571000,294192,207834,81290
8988720,4553576,2262515,1133218,570684,289943,156351,81009
8979239,4460371,2264270,1134587,571093,286675,156395,81408
9015298,4545710,2275003,1134428,570861,286884,156490,80838
9015808,4487621,2269166,1137435,570704,286724,157178,80830
9016206,4547495,2275114,1134395,570735,287676,158255,80820
8929957,4552768,2267445,1134006,570810,286637,157661,81660
