1,2,4,8,16,32,64,128
944024,466539,233921,116949,58722,29678,16492,7836
943228,466956,233504,117007,58745,29592,16597,7950
944248,466034,233110,117019,58647,29605,16510,8000
943802,466676,233148,117133,58663,29684,16565,7899
945859,467360,233435,116871,58699,29641,16614,25992
943304,466551,233687,117445,58670,30767,16469,8072
944751,466179,233352,117149,58692,29716,16521,7865
942011,466671,233153,117200,59494,30550,16565,7865
944683,465862,233730,116914,58539,29661,16507,7797
943204,465777,233243,117380,58640,29641,16636,26928
944678,466635,233566,117165,58761,29682,16567,26023
944229,466846,233382,116847,58610,29714,16696,26578
944059,466174,233306,116769,58686,29687,16573,26839
944041,466180,233524,116911,58547,29656,16563,26210
943106,465940,233486,116880,59464,30678,16518,25622
