1,2,4,8,16,32,64,128
220674,110972,55416,27846,13987,8285,7747,1950
220298,111257,55951,27866,14307,8224,7714,1913
220448,111005,55348,27843,14009,8391,7660,1879
220595,111104,55434,27746,13956,8268,7667,1862
220968,111243,55452,27769,13979,8335,7683,1816
220887,111330,55395,27777,14017,8360,7708,1739
220962,111311,55453,27820,13973,8114,7666,1981
220809,110964,55438,27836,14041,8368,7701,1704
220951,111004,55254,27771,13976,8206,7682,1894
221134,111366,55400,27765,14018,8145,7712,1957
220673,111061,55214,27763,13969,8250,7655,1988
220786,110861,55306,27739,13968,8228,7657,1968
220853,111159,55334,27860,14041,8292,7696,1769
220570,110979,55437,27650,13989,8171,7680,1794
220971,111032,55281,27725,13954,8291,7683,2039
