1,2,4,8,16,32,64,128
1127388,568694,283956,142147,71146,35918,19153,8939
1149987,569132,283897,142129,71125,35973,19613,9174
1128906,568804,284058,142192,71121,35970,19507,9786
1127324,569237,284468,142135,71114,36467,19464,8721
1125822,569106,284168,143619,71119,35927,19288,9421
1124887,557625,283957,142144,71099,37190,19140,9453
1149628,557745,284161,142130,71139,37070,19269,9039
1124886,569440,284028,142132,71123,37061,19484,8722
1128002,568517,284291,142249,71131,35964,19466,10201
1150545,569554,284137,142168,71079,36886,19165,10029
1147480,568789,283903,142220,71116,36561,19469,9756
1150368,558773,283866,142157,71090,36552,19114,9431
1149833,569206,284203,142154,71141,36401,19180,10407
1128387,569780,283995,142291,71141,36837,19311,8619
1148428,557800,284059,142058,71136,35971,19612,8630
