1,2,4,8,16,32,64,128
27246,13695,6978,3592,1821,1097,1070,792
27244,13690,6900,3567,1892,1130,1218,925
27495,13725,7053,3920,2177,1534,1150,911
27191,13808,6920,3776,2495,1115,1160,834
27237,13740,6927,3513,1847,1101,1066,932
27325,13680,6899,3656,1992,1328,1204,1000
27409,13735,6993,3525,2041,1107,952,888
27231,13706,6931,3527,2039,1188,1063,850
27221,13749,7048,3537,1877,1087,1282,868
27287,13739,6943,3517,1876,1084,1075,925
27260,13806,6943,3690,1987,1148,1076,1029
27424,13998,7041,3720,1820,1043,1148,879
27270,13701,7070,3594,2021,1153,1021,973
27256,13748,6924,3576,1869,1155,1300,937
27275,13727,6934,3571,1847,1185,985,933
