1,2,4,8,16,32,64,128
140628,71361,35663,18341,9214,4592,2489,1146
140701,71375,35628,17821,8992,4519,2255,1250
140725,71318,35639,17833,8973,4516,2277,1152
143550,71447,35660,17822,8963,4497,2245,1055
140397,69916,35656,18363,9264,4605,2261,1208
140881,71333,35598,17825,8972,4499,2236,1074
143481,71433,35678,17840,8967,4678,2295,1270
140362,71454,35690,17827,8957,4520,2246,1186
140623,71364,35696,17818,8954,4530,2261,1114
140345,71395,35583,17876,8983,4496,2243,1076
143761,71226,35620,17822,16292,4511,2411,1117
143428,71276,35659,17867,8969,4519,2250,1231
143593,71332,35652,17830,8975,4661,2280,1179
140770,71128,35593,18280,9208,4550,2240,1223
143500,71270,35594,17830,8998,4521,2298,1239
