1,2,4,8,16,32,64,128
118119,58611,29385,14707,7404,3757,1857,1037
117730,58671,29337,14710,7412,3731,1857,951
118062,58617,29384,14712,7382,3721,2021,879
118126,58625,29348,14689,7433,3796,1869,878
118357,58662,29372,14748,7418,3717,1852,897
117761,58715,29376,14708,7418,3726,1856,872
118193,58733,29364,14682,7403,3723,1850,1044
117694,58541,29332,14715,7414,3798,1879,933
117953,58553,29393,14726,7405,3856,1892,969
117996,58702,29388,14780,7426,3716,1850,1035
118059,58618,29389,14695,7387,3901,1896,884
118045,58541,29370,14672,7400,3785,1881,872
118241,58994,29353,14721,7403,3716,1857,1010
117821,58726,29381,14657,7399,3712,1885,960
118005,58675,29356,14720,7396,3726,1861,998
