1,2,4,8,16,32,64,128
28413144,40365840,25965667,17116685,17077846,8361866,4495811,6320489
28399435,40172384,25779280,17314295,16748054,8523618,4495115,6308015
28402190,40522618,26203077,17135600,17047742,8395662,4494763,6324826
28381860,40094859,26006360,17190022,17107585,8418019,4495095,6316068
28409004,40151296,26049771,17127479,17037803,8559612,4496512,6343262
28395925,40036081,25837554,17365939,17027296,8429404,4496688,6307702
28395742,39995098,25667183,17126816,16994219,8563863,4497197,6318948
28412934,40112119,25786805,17341510,17036906,8372605,4497101,6333540
28393519,39764229,26203181,17129330,17038106,8510043,4496203,6342056
28415304,40002808,25942046,17309735,16983517,8408889,4495650,6339560
28418466,40236164,26157320,17095709,17011787,8512518,4496625,6364346
28454451,40675025,25832277,17308803,17079665,8393892,4496854,6333837
28438760,39090123,25505515,17181631,17056586,8529803,4497529,6323667
28442944,39289445,25802687,17468513,17013335,8427830,4497017,6302445
28480676,39420854,25883889,17183427,17020692,8508941,4496237,6328380
