1,2,4,8,16,32,64,128
120225976,60137372,29953857,15001769,7551789,3802266,2181656,1083301
120345672,60150256,29943310,14977831,7526936,3928048,2251266,1082185
119795254,59715595,29777632,14947485,7555890,3811995,2189359,1082651
119767506,59541017,29837651,14938563,7545520,3810035,2183515,1079554
119761989,59621017,29786057,14941675,7541593,3936466,2321033,1079645
120039929,59887432,30013421,14944546,7551819,3822117,2189579,1081010
120022740,59808743,29890210,14956026,7541899,3816340,2188855,1284327
120019332,59971814,29965683,14987351,7522688,3816259,2189556,1171061
120070912,59895042,29751949,14935264,7550371,3807599,2188392,1080277
120041606,59593665,29783617,14996871,7518537,3822977,2189683,1291786
120029804,59557935,29772531,14945715,7563595,3818461,2189474,1078149
120041961,59685911,29758913,14946947,7528122,3804323,2186258,1081575
120241008,59619770,29808926,14955135,7541743,3814719,2189422,1079084
120243540,59636701,29791673,14969297,7530493,3803209,2187730,1080665
120241534,59637142,29804131,14992448,7552648,3816017,2188218,1081835
