1,2,4,8,16,32,64,128
3634,1836,1071,612,367,195,97,80
3404,1832,982,548,318,202,105,90
3434,1881,983,642,304,220,93,80
3409,1825,972,543,308,180,91,79
3424,1829,972,667,356,195,85,77
3415,1835,978,516,291,186,93,82
3413,1835,982,583,320,209,104,77
3420,1912,972,540,304,183,93,79
3419,1828,980,621,299,175,94,80
3420,1843,980,517,313,195,88,77
3409,1833,976,541,299,180,84,79
3413,1829,978,553,315,187,92,82
3410,1819,970,538,303,189,98,77
3409,1838,1038,574,322,177,96,79
3412,1841,970,518,355,197,99,80
