1,2,4,8,16,32,64,128
3509,5184,3299,2188,2063,1082,691,868
3524,5189,3299,2176,2087,1081,672,871
3506,5028,3232,2178,2104,1070,662,865
3521,4925,3268,2194,2072,1091,679,862
3526,5107,3277,2166,2107,1061,673,878
3514,5198,3295,2202,2073,1081,657,846
3544,5149,3313,2192,2104,1058,650,877
3508,4983,3233,2165,2075,1071,667,887
3518,5407,3258,2185,2111,1066,648,1047
3515,5217,3307,2163,2092,1067,674,841
3518,5189,3319,2174,2116,1076,641,823
3527,5050,3297,2228,2074,1059,647,832
3518,5043,3265,2061,2108,1053,671,838
3526,4973,3310,2161,2074,1058,667,835
3509,5140,3272,2124,2081,1088,654,829
