1,2,4,8,16,32,64,128
3436,1831,1023,534,296,185,142,141
3435,1834,969,523,293,178,141,136
3430,1845,964,575,298,185,140,145
3440,1837,958,531,300,188,145,133
3415,1836,1016,516,289,186,136,142
3421,1830,978,503,298,177,141,151
3413,1817,967,511,288,177,137,139
3422,1835,961,508,302,181,142,139
3433,1827,951,504,296,193,146,137
3425,1830,970,620,299,193,142,134
3419,1837,955,507,308,178,145,138
3458,1813,966,509,293,181,143,136
3417,1828,951,515,293,181,148,137
3421,1828,1020,504,294,178,140,138
3424,1830,1021,658,341,175,137,135
