1,2,4,8,16,32,64,128
3493013,1741648,873974,435149,217583,125377,122065,62635
3497675,1741818,870900,435817,217631,124739,121878,62390
3498705,1740033,872083,435429,217914,124679,122134,62453
3494995,1737559,874171,435341,217733,124916,122609,62387
3493997,1735038,871335,435067,217612,124997,121837,62465
3490683,1739364,870620,435323,218284,125235,121932,62381
3492335,1735832,871375,435713,217633,124589,122031,62153
3492145,1734964,871730,435256,217522,124930,121891,62292
3493112,1737172,869591,436946,217614,124995,121984,62192
3490911,1737360,870866,435891,217544,125075,122370,62387
3494302,1735652,873006,436716,217698,132195,149312,62000
3493416,1733344,871451,436474,217640,125243,122250,62410
3498651,1734024,870804,436238,217877,125202,121656,62303
3492873,1733303,872970,435274,217706,125119,122254,62398
3493846,1734699,871171,436438,217970,125061,122285,62770
