1,2,4,8,16,32,64,128
18013262,8942730,4451875,2269858,1141745,589841,313702,158611
18011862,9127376,4532752,2271798,1142881,577369,314906,159835
17787395,9138881,4518845,2277742,1141772,580406,316030,158037
17784320,9138052,4533420,2284479,1142697,580675,318499,158216
17991351,9133079,4448758,2269225,1142102,574650,318653,157974
17997193,9119624,4522462,2271439,1142042,583670,314190,160011
17983622,9132719,4516127,2268636,1151590,574656,312004,157959
17776872,8958884,4519657,2266953,1141945,574598,318690,159808
18001320,9124702,4518850,2280868,1146259,577895,313516,159672
17773199,8956010,4521885,2270403,1142517,590062,312553,159667
17783966,8968143,4534347,2275276,1279089,678065,404544,159756
17784059,8960791,4534637,2271362,1142089,583772,314710,158009
17782667,9038816,4522015,2267932,1141842,587182,313261,159581
17983596,8871531,4455923,2269074,1214781,668171,408358,159608
17816892,9035597,4519992,2268990,1146518,588271,312389,158879
