1,2,4,8,16,32,64,128
3489984,1743835,862368,435098,216973,123513,122057,85583
3497982,1738455,864130,435112,217107,123446,121881,82444
3499206,1740666,865084,435537,216981,123537,121948,84373
3501191,1741465,863621,434121,216932,123862,122445,89605
3498995,1743394,863272,434061,216858,124055,122167,89827
3499126,1739922,863734,435348,216827,124208,122197,84724
3498441,1746019,864160,435223,216872,123490,122209,86685
3499705,1743996,865555,434794,216883,123396,122390,86299
3502255,1745363,865256,435738,216973,124387,122089,86962
3498728,1744758,863687,435316,217044,124269,121988,83861
3496958,1740872,864852,433968,216956,124010,122128,83485
3500467,1736389,864155,434036,216885,123529,122415,85629
3499582,1740587,863771,434014,217029,124810,121967,93730
3499444,1741341,862825,435603,216826,123441,121954,80860
3499227,1740291,863790,435552,216937,123380,121856,81397
