1,2,4,8,16,32,64,128
15054199,7531271,3740860,1880005,942198,477854,270169,135695
15057048,7500262,3744403,1868395,940323,473187,269415,134088
15054344,7501350,3739716,1871109,940551,472681,269620,136136
15058843,7521192,3740544,1875264,939996,474192,270595,135285
15049995,7531572,3738902,1867946,945130,473048,269265,134376
15051066,7529148,3739186,1876280,945874,473285,269788,134251
15050672,7524707,3739241,1868918,941901,472575,269695,133908
15054134,7534248,3739650,1869138,939970,473383,269889,134403
15054094,7528747,3741924,1869254,940740,473107,269426,134220
15055388,7529029,3741939,1870636,947784,476289,269373,134622
15062771,7525612,3741974,1879373,940538,492574,269763,135513
15063809,7524116,3734179,1869242,941996,474150,270973,134219
15058491,7527698,3736694,1873053,940667,474638,269581,134048
15066089,7520480,3760446,1869882,940376,474415,270132,135164
15054481,7521355,3741152,1868334,944194,475211,269159,136557
